Offset 00 01 02 03 04 05 06 07 | 08 09 0A 0B 0C 0D 0E 0F  0123456789ABCDEF
 0000: BA 01 28 6A 01 00 B2 01 | 0C 01 14 01 34 01 4E 01  º.(j..².....4.N.
 0010: 20 00 6E 01 70 01 72 01 | 40 00 54 01 00 00 68 54   .n.p.r.@.T...hT
 0020: 00 00 4E 66 54 01 00 80 | 00 02 EC 5E AE 46 34 56  ..NfT.....ì^®F4V
 0030: 9F 45 00 60 C1 45 68 06 | 01 00 00 00 D0 29 00 00  .E.`ÁEh.....Ð)..
 0040: 00 00 38 00 18 01 00 00 | 00 00 01 01 65 01 05 04  ..8.........e...
 0050: 04 23 05 00 B3 4C 00 00 | 88 6A 00 00 BB 4C 00 00  .#..³L...j..»L..
 0060: 66 78 01 00 47 3B 03 00 | 00 00 00 00 00 00 00 00  fx..G;..........
 0070: 01 00 00 00 14 00 00 00 | 07 00 00 00 33 05 00 00  ............3...
 0080: 00 00 00 00 00 00 00 00 | 00 00 00 00 00 00 00 00  ................
 0090: 00 00 00 00 00 00 00 00 | 00 00 00 00 00 00 00 00  ................
 00A0: 00 00 00 00 00 00 00 00 | 00 00 00 00 00 00 00 00  ................
 00B0: 00 00 00 00 00 00 00 00 | 00 00 00 0C 00 00 00 00  ................
 00C0: 00 41 00 00 00 00 00 00 | 00 00 00 00 00 01 00 00  .A..............
 00D0: 00 00 EB 3A 03 00 00 00 | 00 00 00 00 00 00 00 00  ..ë:............
 00E0: 00 00 00 00 00 00 E9 4A | 00 00 2B 00 54 01 00 03  ......éJ..+.T...
 00F0: 00 00 00 64 00 00 00 00 | 00 00 00 01 00 00 00 00  ...d............
 0100: 00 00 00 00 64 00 00 00 | 00 00 80 3F 41 00 72 00  ....d......?A.r.
 0110: 74 00 00 00 16 04 35 04 | 3B 04 35 04 37 04 3D 04  t.....5.;.5.7.=.
 0120: 4B 04 39 04 20 00 1E 04 | 40 04 34 04 35 04 3D 04  K.9. ...@.4.5.=.
 0130: 33 00 00 00 27 04 3B 04 | 35 04 3D 04 20 00 33 04  3...'.;.5.=. .3.
 0140: 38 04 3B 04 4C 04 34 04 | 38 04 38 04 00 00 0C 10  8.;.L.4.8.8.....
 0150: 10 02 0A 06 00 15 11 10 | 10 00 10 00 0B 00 08 10  ................
 0160: 0C 0C 0A 15 0C 10 10 10 | 10 0C 15 10 0C 10 00 00  ................
 0170: 00 00 01 13 10 13 13 10 | 13 13 13 0F 0F 0F 0F 0F  ................
 0180: 0F 0F 10 13 0A 00 00 00 | 00 00 00 00 00 00 00 00  ................
 0190: 00 00 00 00 00 00 00 00 | 00 00 00 00 00 00 00 00  ................
 01A0: 00 00 00 00 00 00 00 00 | 00 00 00 00 00 00 00 00  ................
 01B0: 00 00 B2 01 00 00 15 00 | 00 00                    ..².......      

0000 - size : 442 : ushort
0002 - opCode : 27176 : ushort
0008 - nameStart : 268 : ushort
0022 - id : 144255925586519630 : ulong
010C - name : Art : doubleString
